Started computation at Wed Nov 10 09:32:20 2021

SET:LOAD 0
SET:LOAD?
0595093,0.000595093,0.000114441,0.000595093,0.000595093

MEAS:HIV:IN?
0,0,0,0,0

MEAS:RIP?
0.187317,0.0360260,0.000595093,0.000595093,0.000114441,0.000595093,0.000595093

-------------------------------------------------------------------------------
SET:LOAD 0.0500000007
SET:LOAD?
1.32294e-05,1.40076e-05,1.40076e-05

MEAS:HIV:IN?
0.05,0.05,0.05,0.05,0.05

MEAS:RIP?
0.187317,0.0360260,0.000595093,0.000595093,0.000114441,0.000595093,0.000595093

-------------------------------------------------------------------------------
SET:LOAD 0.100000001
SET:LOAD?
1.40076e-05,1.5564e-05,1.40076e-05

MEAS:HIV:IN?
0.1,0.1,0.1,0.1,0.1

MEAS:RIP?
0.187317,0.0360260,0.000595093,0.000595093,0.000114441,0.000595093,0.000595093

-------------------------------------------------------------------------------
SET:LOAD 0.150000006
SET:LOAD?
1.47858e-05,1.5564e-05,1.5564e-05

MEAS:HIV:IN?
0.15,0.15,0.15,0.15,0.15

MEAS:RIP?
0.187317,0.0360260,0.000595093,0.000595093,0.000114441,0.000595093,0.000595093

-------------------------------------------------------------------------------
SET:LOAD 0.200000003
SET:LOAD?
1.40076e-05,1.47858e-05,1.24512e-05

MEAS:HIV:IN?
0.2,0.2,0.2,0.2,0.2

MEAS:RIP?
0.187317,0.0359802,0.000595093,0.000595093,0.000114441,0.000595093,0.000595093

-------------------------------------------------------------------------------
SET:LOAD 0.25
SET:LOAD?
1.32294e-05,1.32294e-05,1.08948e-05

MEAS:HIV:IN?
0.25,0.25,0.25,0.25,0.25

MEAS:RIP?
0.187065,0.0359802,0.000595093,0.000595093,0.000114441,0.000595093,0.000595093

-------------------------------------------------------------------------------
SET:LOAD 0.300000012
SET:LOAD?
1.40076e-05,1.47858e-05,1.40076e-05

MEAS:HIV:IN?
0.3,0.3,0.3,0.3,0.3

MEAS:RIP?
0.187065,0.0359802,0.000595093,0.000595093,0.000114441,0.000595093,0.000595093

-------------------------------------------------------------------------------
SET:LOAD 0.349999994
SET:LOAD?
1.32294e-05,1.24512e-05,1.01166e-05

MEAS:HIV:IN?
0.35,0.35,0.35,0.35,0.35

MEAS:RIP?
0.187065,0.0359802,0.000595093,0.000595093,0.000114441,0.000595093,0.000595093

-------------------------------------------------------------------------------
SET:LOAD 0.400000006
SET:LOAD?
1.40076e-05,1.5564e-05,1.47858e-05

MEAS:HIV:IN?
0.4,0.4,0.4,0.4,0.4

MEAS:RIP?
0.187065,0.0359802,0.000595093,0.000595093,0.000114441,0.000595093,0.000595093

-------------------------------------------------------------------------------
SET:LOAD 0.449999988
SET:LOAD?
1.47858e-05,1.40076e-05,1.24512e-05

MEAS:HIV:IN?
0.45,0.45,0.45,0.45,0.45

MEAS:RIP?
0.187065,0.0359802,0.000595093,0.000595093,0.000114441,0.000595093,0.000595093

-------------------------------------------------------------------------------
SET:LOAD 0.5
SET:LOAD?
1.24512e-05,1.32294e-05,1.40076e-05

MEAS:HIV:IN?
0.5,0.5,0.5,0.5,0.5

MEAS:RIP?
0.187065,0.0359802,0.000595093,0.000595093,0.000114441,0.000595093,0.000595093

-------------------------------------------------------------------------------
SET:LOAD 0.550000012
SET:LOAD?
1.5564e-05,1.63422e-05,1.63422e-05

MEAS:HIV:IN?
0.55,0.55,0.55,0.55,0.55

MEAS:RIP?
0.187065,0.0359802,0.000595093,0.000595093,0.000114441,0.000595093,0.000595093

-------------------------------------------------------------------------------
SET:LOAD 0.600000024
SET:LOAD?
1.63422e-05,1.5564e-05,1.40076e-05

MEAS:HIV:IN?
0.6,0.6,0.6,0.6,0.6

MEAS:RIP?
0.187065,0.0359802,0.000595093,0.000595093,0.000114441,0.000595093,0.000595093

-------------------------------------------------------------------------------
SET:LOAD 0.649999976
SET:LOAD?
1.5564e-05,1.47858e-05,1.40076e-05

MEAS:HIV:IN?
0.65,0.65,0.65,0.65,0.65

MEAS:RIP?
0.187065,0.0359802,0.000595093,0.000595093,0.000114441,0.000595093,0.000595093

-------------------------------------------------------------------------------
SET:LOAD 0.699999988
SET:LOAD?
1.63422e-05,1.78986e-05,1.47858e-05

MEAS:HIV:IN?
0.7,0.7,0.7,0.7,0.7

MEAS:RIP?
0.187065,0.0359344,0.000595093,0.000595093,0.000114441,0.000595093,0.000595093

-------------------------------------------------------------------------------
SET:LOAD 0.75
SET:LOAD?
1.32294e-05,1.47858e-05,1.32294e-05

MEAS:HIV:IN?
0.75,0.75,0.75,0.75,0.75

MEAS:RIP?
0.187065,0.0359344,0.000595093,0.000595093,0.000114441,0.000595093,0.000595093

-------------------------------------------------------------------------------
SET:LOAD 0.800000012
SET:LOAD?
1.47858e-05,1.47858e-05,1.32294e-05

MEAS:HIV:IN?
0.8,0.8,0.8,0.8,0.8

MEAS:RIP?
0.187065,0.0359344,0.000595093,0.000595093,0.000114441,0.000595093,0.000595093

-------------------------------------------------------------------------------
SET:LOAD 0.850000024
SET:LOAD?
1.63422e-05,1.86768e-05,1.63422e-05

MEAS:HIV:IN?
0.85,0.85,0.85,0.85,0.85

MEAS:RIP?
0.187065,0.0359344,0.000595093,0.000595093,0.000114441,0.000595093,0.000617981

-------------------------------------------------------------------------------
SET:LOAD 0.899999976
SET:LOAD?
1.63422e-05,1.71204e-05,1.47858e-05

MEAS:HIV:IN?
0.9,0.9,0.9,0.9,0.9

MEAS:RIP?
0.187065,0.0359344,0.000595093,0.000595093,0.000114441,0.000595093,0.000617981

-------------------------------------------------------------------------------
SET:LOAD 0.949999988
SET:LOAD?
1.71204e-05,1.71204e-05,1.63422e-05

MEAS:HIV:IN?
0.95,0.95,0.95,0.95,0.95

MEAS:RIP?
0.187065,0.0359344,0.000595093,0.000595093,0.000114441,0.000595093,0.000617981

-------------------------------------------------------------------------------
SET:LOAD 1
SET:LOAD?
1.78986e-05,1.71204e-05,1.78986e-05

MEAS:HIV:IN?
1,1,1,1,1

MEAS:RIP?
0.186813,0.0359344,0.000595093,0.000595093,0.000114441,0.000595093,0.000617981

-------------------------------------------------------------------------------
SET:LOAD 1.04999995
SET:LOAD?
1.78986e-05,1.63422e-05,1.63422e-05

